Failure rate medio complessivo: 0.0286

Layer più vulnerabili (failure rate medio):
Layer
fc2    0.032126
fc1    0.026790

Top 10 gruppi di fault più critici (failure_rate più alto):
 Injection           Layer              TensorIndex       Bit  failure_rate
   2766955 [fc1, fc1, fc2] [(2, 3), (4, 0), (0, 2)] [7, 6, 7]        0.1966
   2776089 [fc1, fc2, fc2] [(2, 3), (0, 2), (1, 4)] [7, 7, 5]        0.1966
   2776041 [fc1, fc2, fc2] [(2, 3), (0, 2), (0, 4)] [7, 7, 5]        0.1966
   2772367 [fc1, fc1, fc2] [(2, 3), (5, 1), (0, 2)] [7, 7, 7]        0.1942
   2760817 [fc1, fc1, fc2] [(2, 3), (3, 0), (0, 2)] [7, 2, 7]        0.1917
    183946 [fc1, fc1, fc2] [(0, 0), (2, 3), (0, 2)] [4, 7, 7]        0.1917
   2766802 [fc1, fc1, fc2] [(2, 3), (4, 0), (0, 2)] [7, 5, 7]        0.1917
   2770068 [fc1, fc1, fc2] [(2, 3), (4, 3), (0, 2)] [7, 4, 7]        0.1917
    301967 [fc1, fc1, fc2] [(0, 0), (2, 3), (0, 2)] [7, 7, 7]        0.1917
   2761005 [fc1, fc1, fc2] [(2, 3), (3, 0), (0, 2)] [7, 3, 7]        0.1917

Top 100 gruppi di fault più critici (failure_rate più alto):
 Injection           Layer              TensorIndex       Bit  failure_rate
   2766955 [fc1, fc1, fc2] [(2, 3), (4, 0), (0, 2)] [7, 6, 7]        0.1966
   2776089 [fc1, fc2, fc2] [(2, 3), (0, 2), (1, 4)] [7, 7, 5]        0.1966
   2776041 [fc1, fc2, fc2] [(2, 3), (0, 2), (0, 4)] [7, 7, 5]        0.1966
   2772367 [fc1, fc1, fc2] [(2, 3), (5, 1), (0, 2)] [7, 7, 7]        0.1942
   2760817 [fc1, fc1, fc2] [(2, 3), (3, 0), (0, 2)] [7, 2, 7]        0.1917
    183946 [fc1, fc1, fc2] [(0, 0), (2, 3), (0, 2)] [4, 7, 7]        0.1917
   2766802 [fc1, fc1, fc2] [(2, 3), (4, 0), (0, 2)] [7, 5, 7]        0.1917
   2770068 [fc1, fc1, fc2] [(2, 3), (4, 3), (0, 2)] [7, 4, 7]        0.1917
    301967 [fc1, fc1, fc2] [(0, 0), (2, 3), (0, 2)] [7, 7, 7]        0.1917
   2761005 [fc1, fc1, fc2] [(2, 3), (3, 0), (0, 2)] [7, 3, 7]        0.1917
   2775852 [fc1, fc2, fc2] [(2, 3), (0, 2), (1, 2)] [7, 4, 3]        0.1917
    144043 [fc1, fc1, fc2] [(0, 0), (2, 3), (0, 2)] [3, 7, 7]        0.1917
   2776071 [fc1, fc2, fc2] [(2, 3), (0, 2), (1, 2)] [7, 7, 3]        0.1917
   2776070 [fc1, fc2, fc2] [(2, 3), (0, 2), (1, 2)] [7, 7, 2]        0.1917
   2765542 [fc1, fc1, fc2] [(2, 3), (3, 3), (0, 2)] [7, 5, 7]        0.1917
   2766493 [fc1, fc1, fc2] [(2, 3), (4, 0), (0, 2)] [7, 3, 7]        0.1917
   2769937 [fc1, fc1, fc2] [(2, 3), (4, 3), (0, 2)] [7, 3, 7]        0.1917
   2761747 [fc1, fc1, fc2] [(2, 3), (3, 0), (0, 2)] [7, 7, 7]        0.1917
   2761192 [fc1, fc1, fc2] [(2, 3), (3, 0), (0, 2)] [7, 4, 7]        0.1917
   2776040 [fc1, fc2, fc2] [(2, 3), (0, 2), (0, 4)] [7, 7, 4]        0.1917
   2776056 [fc1, fc2, fc2] [(2, 3), (0, 2), (1, 0)] [7, 7, 4]        0.1917
   2776083 [fc1, fc2, fc2] [(2, 3), (0, 2), (1, 3)] [7, 7, 7]        0.1893
   2762293 [fc1, fc1, fc2] [(2, 3), (3, 1), (0, 2)] [7, 2, 7]        0.1893
   2762112 [fc1, fc1, fc2] [(2, 3), (3, 1), (0, 2)] [7, 1, 7]        0.1893
   2763183 [fc1, fc1, fc2] [(2, 3), (3, 1), (0, 2)] [7, 7, 7]        0.1893
   2763007 [fc1, fc1, fc2] [(2, 3), (3, 1), (0, 2)] [7, 6, 7]        0.1893
    530503 [fc1, fc1, fc2] [(0, 1), (2, 3), (0, 2)] [5, 7, 7]        0.1893
   2764218 [fc1, fc1, fc2] [(2, 3), (3, 2), (0, 2)] [7, 5, 7]        0.1893
   2775851 [fc1, fc2, fc2] [(2, 3), (0, 2), (1, 2)] [7, 4, 2]        0.1893
    889663 [fc1, fc1, fc2] [(0, 2), (2, 3), (0, 2)] [7, 7, 7]        0.1893
   2048327 [fc1, fc1, fc2] [(1, 3), (2, 3), (0, 2)] [6, 7, 7]        0.1893
    854947 [fc1, fc1, fc2] [(0, 2), (2, 3), (0, 2)] [6, 7, 7]        0.1893
   2772255 [fc1, fc1, fc2] [(2, 3), (5, 1), (0, 2)] [7, 6, 7]        0.1893
   2776082 [fc1, fc2, fc2] [(2, 3), (0, 2), (1, 3)] [7, 7, 6]        0.1893
   2762830 [fc1, fc1, fc2] [(2, 3), (3, 1), (0, 2)] [7, 5, 7]        0.1893
   2776085 [fc1, fc2, fc2] [(2, 3), (0, 2), (1, 4)] [7, 7, 1]        0.1893
   2765053 [fc1, fc1, fc2] [(2, 3), (3, 3), (0, 2)] [7, 2, 7]        0.1893
   2763705 [fc1, fc1, fc2] [(2, 3), (3, 2), (0, 2)] [7, 2, 7]        0.1893
   2776034 [fc1, fc2, fc2] [(2, 3), (0, 2), (0, 3)] [7, 7, 6]        0.1893
   2776035 [fc1, fc2, fc2] [(2, 3), (0, 2), (0, 3)] [7, 7, 7]        0.1893
   2776037 [fc1, fc2, fc2] [(2, 3), (0, 2), (0, 4)] [7, 7, 1]        0.1893
   2776033 [fc1, fc2, fc2] [(2, 3), (0, 2), (0, 3)] [7, 7, 5]        0.1893
    493102 [fc1, fc1, fc2] [(0, 1), (2, 3), (0, 2)] [4, 7, 7]        0.1893
   1530083 [fc1, fc1, fc2] [(1, 1), (2, 3), (0, 2)] [3, 7, 7]        0.1869
   2763358 [fc1, fc1, fc2] [(2, 3), (3, 2), (0, 2)] [7, 0, 7]        0.1869
   2772697 [fc1, fc1, fc2] [(2, 3), (5, 2), (0, 2)] [7, 2, 7]        0.1869
   2775882 [fc1, fc2, fc2] [(2, 3), (0, 2), (0, 2)] [7, 5, 7]        0.1869
   1379403 [fc1, fc1, fc2] [(1, 0), (2, 3), (0, 2)] [6, 7, 7]        0.1869
   2772805 [fc1, fc1, fc2] [(2, 3), (5, 2), (0, 2)] [7, 3, 7]        0.1869
   2485707 [fc1, fc1, fc2] [(2, 2), (2, 3), (0, 2)] [1, 7, 7]        0.1869
   2666637 [fc1, fc1, fc2] [(2, 3), (2, 3), (0, 2)] [2, 7, 7]        0.1869
   2772912 [fc1, fc1, fc2] [(2, 3), (5, 2), (0, 2)] [7, 4, 7]        0.1869
    749211 [fc1, fc1, fc2] [(0, 2), (2, 3), (0, 2)] [3, 7, 7]        0.1869
   2772588 [fc1, fc1, fc2] [(2, 3), (5, 2), (0, 2)] [7, 1, 7]        0.1869
   1786082 [fc1, fc1, fc2] [(1, 2), (2, 3), (0, 2)] [4, 7, 7]        0.1869
    379251 [fc1, fc1, fc2] [(0, 1), (2, 3), (0, 2)] [1, 7, 7]        0.1869
   2775013 [fc1, fc2, fc2] [(2, 3), (0, 1), (0, 2)] [7, 2, 7]        0.1869
   2764888 [fc1, fc1, fc2] [(2, 3), (3, 3), (0, 2)] [7, 1, 7]        0.1869
    992237 [fc1, fc1, fc2] [(0, 3), (2, 3), (0, 2)] [2, 7, 7]        0.1869
   2773018 [fc1, fc1, fc2] [(2, 3), (5, 2), (0, 2)] [7, 5, 7]        0.1869
   2775097 [fc1, fc2, fc2] [(2, 3), (0, 1), (0, 2)] [7, 3, 7]        0.1869
   2773123 [fc1, fc1, fc2] [(2, 3), (5, 2), (0, 2)] [7, 6, 7]        0.1869
   2627828 [fc1, fc1, fc2] [(2, 3), (2, 3), (0, 2)] [0, 7, 7]        0.1869
   2723383 [fc1, fc1, fc2] [(2, 3), (2, 3), (0, 2)] [5, 7, 7]        0.1869
   2776099 [fc1, fc2, fc2] [(2, 3), (0, 2), (1, 5)] [7, 7, 7]        0.1869
   2764555 [fc1, fc1, fc2] [(2, 3), (3, 2), (0, 2)] [7, 7, 7]        0.1869
    604487 [fc1, fc1, fc2] [(0, 1), (2, 3), (0, 2)] [7, 7, 7]        0.1869
   2772028 [fc1, fc1, fc2] [(2, 3), (5, 1), (0, 2)] [7, 4, 7]        0.1869
   2772142 [fc1, fc1, fc2] [(2, 3), (5, 1), (0, 2)] [7, 5, 7]        0.1869
   1025907 [fc1, fc1, fc2] [(0, 3), (2, 3), (0, 2)] [3, 7, 7]        0.1869
   2762652 [fc1, fc1, fc2] [(2, 3), (3, 1), (0, 2)] [7, 4, 7]        0.1869
   2310963 [fc1, fc1, fc2] [(2, 1), (2, 3), (0, 2)] [1, 7, 7]        0.1869
   2776092 [fc1, fc2, fc2] [(2, 3), (0, 2), (1, 5)] [7, 7, 0]        0.1869
   2774842 [fc1, fc2, fc2] [(2, 3), (0, 1), (0, 2)] [7, 0, 7]        0.1869
   2766022 [fc1, fc1, fc2] [(2, 3), (4, 0), (0, 2)] [7, 0, 7]        0.1869
   2776093 [fc1, fc2, fc2] [(2, 3), (0, 2), (1, 5)] [7, 7, 1]        0.1869
   1190392 [fc1, fc1, fc2] [(1, 0), (2, 3), (0, 2)] [0, 7, 7]        0.1869
   2776094 [fc1, fc2, fc2] [(2, 3), (0, 2), (1, 5)] [7, 7, 2]        0.1869
   2776095 [fc1, fc2, fc2] [(2, 3), (0, 2), (1, 5)] [7, 7, 3]        0.1869
   2776096 [fc1, fc2, fc2] [(2, 3), (0, 2), (1, 5)] [7, 7, 4]        0.1869
   2776097 [fc1, fc2, fc2] [(2, 3), (0, 2), (1, 5)] [7, 7, 5]        0.1869
   2776098 [fc1, fc2, fc2] [(2, 3), (0, 2), (1, 5)] [7, 7, 6]        0.1869
   2764722 [fc1, fc1, fc2] [(2, 3), (3, 3), (0, 2)] [7, 0, 7]        0.1869
   2772478 [fc1, fc1, fc2] [(2, 3), (5, 2), (0, 2)] [7, 0, 7]        0.1869
   2774755 [fc1, fc2, fc2] [(2, 3), (0, 0), (0, 2)] [7, 7, 7]        0.1869
   2773227 [fc1, fc1, fc2] [(2, 3), (5, 2), (0, 2)] [7, 7, 7]        0.1869
    641072 [fc1, fc1, fc2] [(0, 2), (2, 3), (0, 2)] [0, 7, 7]        0.1869
     22632 [fc1, fc1, fc2] [(0, 0), (2, 3), (0, 2)] [0, 7, 7]        0.1869
   2647331 [fc1, fc1, fc2] [(2, 3), (2, 3), (0, 2)] [1, 7, 7]        0.1869
   2760628 [fc1, fc1, fc2] [(2, 3), (3, 0), (0, 2)] [7, 1, 7]        0.1869
   2775657 [fc1, fc2, fc2] [(2, 3), (0, 2), (0, 2)] [7, 2, 7]        0.1869
   2773830 [fc1, fc1, fc2] [(2, 3), (5, 3), (0, 2)] [7, 5, 7]        0.1869
   2774305 [fc1, fc2, fc2] [(2, 3), (0, 0), (0, 2)] [7, 2, 7]        0.1869
   2765380 [fc1, fc1, fc2] [(2, 3), (3, 3), (0, 2)] [7, 4, 7]        0.1869
   1674688 [fc1, fc1, fc2] [(1, 2), (2, 3), (0, 2)] [0, 7, 7]        0.1869
   2774212 [fc1, fc2, fc2] [(2, 3), (0, 0), (0, 2)] [7, 1, 7]        0.1869
    567631 [fc1, fc1, fc2] [(0, 1), (2, 3), (0, 2)] [6, 7, 7]        0.1869
   2775580 [fc1, fc2, fc2] [(2, 3), (0, 2), (0, 2)] [7, 1, 7]        0.1869
   2775577 [fc1, fc2, fc2] [(2, 3), (0, 2), (0, 2)] [7, 1, 4]        0.1869
   2760438 [fc1, fc1, fc2] [(2, 3), (3, 0), (0, 2)] [7, 0, 7]        0.1869

Media accuracy e failure_rate per layer:
       accuracy  failure_rate
Layer                        
fc1    0.973210      0.026790
fc2    0.967874      0.032126
