Failure rate medio complessivo: 0.0207

Layer più vulnerabili (failure rate medio):
Layer
fc2    0.024507
fc1    0.018740

Top 10 gruppi di fault più critici (failure_rate più alto):
 Injection      Layer      TensorIndex    Bit  failure_rate
     22919 [fc1, fc2] [(2, 3), (0, 2)] [7, 7]        0.1869
     22916 [fc1, fc2] [(2, 3), (0, 2)] [7, 4]        0.1675
     41047 [fc2, fc2] [(1, 2), (1, 5)] [7, 3]        0.1578
     28051 [fc1, fc2] [(3, 3), (0, 2)] [4, 6]        0.1578
     27936 [fc1, fc2] [(3, 3), (1, 2)] [3, 6]        0.1578
     27937 [fc1, fc2] [(3, 3), (1, 2)] [3, 7]        0.1578
     14919 [fc1, fc2] [(1, 3), (0, 2)] [1, 6]        0.1578
     14967 [fc1, fc2] [(1, 3), (1, 2)] [1, 6]        0.1578
     14968 [fc1, fc2] [(1, 3), (1, 2)] [1, 7]        0.1578
     38222 [fc2, fc2] [(0, 2), (1, 2)] [0, 7]        0.1578

Top 100 gruppi di fault più critici (failure_rate più alto):
 Injection      Layer      TensorIndex    Bit  failure_rate
     22919 [fc1, fc2] [(2, 3), (0, 2)] [7, 7]        0.1869
     22916 [fc1, fc2] [(2, 3), (0, 2)] [7, 4]        0.1675
     41047 [fc2, fc2] [(1, 2), (1, 5)] [7, 3]        0.1578
     28051 [fc1, fc2] [(3, 3), (0, 2)] [4, 6]        0.1578
     27936 [fc1, fc2] [(3, 3), (1, 2)] [3, 6]        0.1578
     27937 [fc1, fc2] [(3, 3), (1, 2)] [3, 7]        0.1578
     14919 [fc1, fc2] [(1, 3), (0, 2)] [1, 6]        0.1578
     14967 [fc1, fc2] [(1, 3), (1, 2)] [1, 6]        0.1578
     14968 [fc1, fc2] [(1, 3), (1, 2)] [1, 7]        0.1578
     38222 [fc2, fc2] [(0, 2), (1, 2)] [0, 7]        0.1578
     38221 [fc2, fc2] [(0, 2), (1, 2)] [0, 6]        0.1578
     38173 [fc2, fc2] [(0, 2), (0, 2)] [0, 6]        0.1578
     15148 [fc1, fc2] [(1, 3), (0, 2)] [2, 6]        0.1578
     38143 [fc2, fc2] [(0, 1), (1, 2)] [7, 7]        0.1578
     38142 [fc2, fc2] [(0, 1), (1, 2)] [7, 6]        0.1578
     15197 [fc1, fc2] [(1, 3), (1, 2)] [2, 7]        0.1578
     15196 [fc1, fc2] [(1, 3), (1, 2)] [2, 6]        0.1578
     33174 [fc1, fc2] [(4, 3), (1, 2)] [7, 6]        0.1578
       784 [fc1, fc2] [(0, 0), (0, 2)] [2, 6]        0.1578
      3076 [fc1, fc2] [(0, 1), (1, 2)] [2, 6]        0.1578
     28099 [fc1, fc2] [(3, 3), (1, 2)] [4, 6]        0.1578
     15376 [fc1, fc2] [(1, 3), (0, 2)] [3, 6]        0.1578
     28100 [fc1, fc2] [(3, 3), (1, 2)] [4, 7]        0.1578
     15424 [fc1, fc2] [(1, 3), (1, 2)] [3, 6]        0.1578
     15425 [fc1, fc2] [(1, 3), (1, 2)] [3, 7]        0.1578
      3077 [fc1, fc2] [(0, 1), (1, 2)] [2, 7]        0.1578
      5792 [fc1, fc2] [(0, 2), (1, 2)] [4, 7]        0.1578
      5791 [fc1, fc2] [(0, 2), (1, 2)] [4, 6]        0.1578
     38251 [fc2, fc2] [(0, 2), (0, 2)] [1, 6]        0.1578
     33175 [fc1, fc2] [(4, 3), (1, 2)] [7, 7]        0.1578
     15651 [fc1, fc2] [(1, 3), (1, 2)] [4, 6]        0.1578
     27888 [fc1, fc2] [(3, 3), (0, 2)] [3, 6]        0.1578
      6057 [fc1, fc2] [(0, 2), (1, 2)] [5, 6]        0.1578
     27773 [fc1, fc2] [(3, 3), (1, 2)] [2, 7]        0.1578
     14226 [fc1, fc2] [(1, 2), (0, 2)] [6, 6]        0.1578
     14274 [fc1, fc2] [(1, 2), (1, 2)] [6, 6]        0.1578
     33253 [fc1, fc2] [(5, 0), (0, 2)] [0, 6]        0.1578
     14275 [fc1, fc2] [(1, 2), (1, 2)] [6, 7]        0.1578
     40775 [fc2, fc2] [(1, 1), (1, 2)] [6, 7]        0.1578
     40774 [fc2, fc2] [(1, 1), (1, 2)] [6, 6]        0.1578
     36976 [fc2, fc2] [(0, 0), (0, 2)] [2, 6]        0.1578
     38453 [fc2, fc2] [(0, 2), (1, 2)] [3, 7]        0.1578
     38452 [fc2, fc2] [(0, 2), (1, 2)] [3, 6]        0.1578
      6009 [fc1, fc2] [(0, 2), (0, 2)] [5, 6]        0.1578
     14458 [fc1, fc2] [(1, 2), (0, 2)] [7, 6]        0.1578
     38299 [fc2, fc2] [(0, 2), (1, 2)] [1, 6]        0.1578
     38404 [fc2, fc2] [(0, 2), (0, 2)] [3, 6]        0.1578
     14506 [fc1, fc2] [(1, 2), (1, 2)] [7, 6]        0.1578
     14507 [fc1, fc2] [(1, 2), (1, 2)] [7, 7]        0.1578
      1963 [fc1, fc2] [(0, 0), (1, 2)] [6, 7]        0.1578
      1962 [fc1, fc2] [(0, 0), (1, 2)] [6, 6]        0.1578
     38377 [fc2, fc2] [(0, 2), (1, 2)] [2, 7]        0.1578
     38376 [fc2, fc2] [(0, 2), (1, 2)] [2, 6]        0.1578
     14689 [fc1, fc2] [(1, 3), (0, 2)] [0, 6]        0.1578
     38328 [fc2, fc2] [(0, 2), (0, 2)] [2, 6]        0.1578
     14737 [fc1, fc2] [(1, 3), (1, 2)] [0, 6]        0.1578
     14738 [fc1, fc2] [(1, 3), (1, 2)] [0, 7]        0.1578
     38300 [fc2, fc2] [(0, 2), (1, 2)] [1, 7]        0.1578
     15603 [fc1, fc2] [(1, 3), (0, 2)] [4, 6]        0.1578
     15652 [fc1, fc2] [(1, 3), (1, 2)] [4, 7]        0.1578
     27772 [fc1, fc2] [(3, 3), (1, 2)] [2, 6]        0.1578
     22339 [fc1, fc2] [(2, 3), (0, 2)] [4, 6]        0.1578
     16723 [fc1, fc2] [(2, 0), (0, 2)] [1, 6]        0.1578
     40742 [fc2, fc2] [(1, 1), (1, 2)] [5, 7]        0.1578
     22533 [fc1, fc2] [(2, 3), (0, 2)] [5, 6]        0.1578
     16771 [fc1, fc2] [(2, 0), (1, 2)] [1, 6]        0.1578
     40741 [fc2, fc2] [(1, 1), (1, 2)] [5, 6]        0.1578
     16772 [fc1, fc2] [(2, 0), (1, 2)] [1, 7]        0.1578
     28534 [fc1, fc2] [(3, 3), (0, 2)] [7, 6]        0.1578
     22388 [fc1, fc2] [(2, 3), (1, 2)] [4, 7]        0.1578
     16944 [fc1, fc2] [(2, 0), (0, 2)] [2, 6]        0.1578
     22387 [fc1, fc2] [(2, 3), (1, 2)] [4, 6]        0.1578
     16992 [fc1, fc2] [(2, 0), (1, 2)] [2, 6]        0.1578
     16993 [fc1, fc2] [(2, 0), (1, 2)] [2, 7]        0.1578
     28582 [fc1, fc2] [(3, 3), (1, 2)] [7, 6]        0.1578
      3352 [fc1, fc2] [(0, 1), (1, 2)] [3, 6]        0.1578
     28583 [fc1, fc2] [(3, 3), (1, 2)] [7, 7]        0.1578
     17164 [fc1, fc2] [(2, 0), (0, 2)] [3, 6]        0.1578
     22193 [fc1, fc2] [(2, 3), (1, 2)] [3, 7]        0.1578
     17212 [fc1, fc2] [(2, 0), (1, 2)] [3, 6]        0.1578
     17213 [fc1, fc2] [(2, 0), (1, 2)] [3, 7]        0.1578
     22192 [fc1, fc2] [(2, 3), (1, 2)] [3, 6]        0.1578
     22144 [fc1, fc2] [(2, 3), (0, 2)] [3, 6]        0.1578
      5525 [fc1, fc2] [(0, 2), (1, 2)] [3, 7]        0.1578
      5524 [fc1, fc2] [(0, 2), (1, 2)] [3, 6]        0.1578
     17383 [fc1, fc2] [(2, 0), (0, 2)] [4, 6]        0.1578
     21997 [fc1, fc2] [(2, 3), (1, 2)] [2, 7]        0.1578
     17431 [fc1, fc2] [(2, 0), (1, 2)] [4, 6]        0.1578
      3353 [fc1, fc2] [(0, 1), (1, 2)] [3, 7]        0.1578
     16550 [fc1, fc2] [(2, 0), (1, 2)] [0, 7]        0.1578
     22775 [fc1, fc2] [(2, 3), (1, 2)] [6, 7]        0.1578
     16102 [fc1, fc2] [(1, 3), (1, 2)] [6, 6]        0.1578
     28213 [fc1, fc2] [(3, 3), (0, 2)] [5, 6]        0.1578
     22774 [fc1, fc2] [(2, 3), (1, 2)] [6, 6]        0.1578
     33126 [fc1, fc2] [(4, 3), (0, 2)] [7, 6]        0.1578
      1914 [fc1, fc2] [(0, 0), (0, 2)] [6, 6]        0.1578
     15829 [fc1, fc2] [(1, 3), (0, 2)] [5, 6]        0.1578
     15877 [fc1, fc2] [(1, 3), (1, 2)] [5, 6]        0.1578
     15878 [fc1, fc2] [(1, 3), (1, 2)] [5, 7]        0.1578
      5743 [fc1, fc2] [(0, 2), (0, 2)] [4, 6]        0.1578

Media accuracy e failure_rate per layer:
       accuracy  failure_rate
Layer                        
fc1    0.981260      0.018740
fc2    0.975493      0.024507
